50 174
0 12
0 13
0 17
0 34
0 47
0 49
1 3
1 4
1 5
1 10
1 12
1 18
1 20
2 5
2 6
2 8
2 24
2 28
2 30
2 37
3 5
3 19
3 23
3 25
4 14
4 18
4 21
4 39
4 40
4 42
5 25
5 27
5 29
5 42
6 8
6 10
6 35
6 41
6 42
7 11
7 24
7 30
7 33
7 36
8 10
8 15
8 24
8 32
8 36
8 41
8 47
9 10
9 12
9 16
9 24
9 26
9 29
9 33
10 12
10 14
10 22
10 27
10 36
10 44
10 49
11 12
11 17
11 25
11 45
11 46
12 18
12 19
12 25
12 40
12 42
12 46
13 22
13 27
13 28
13 33
13 39
13 41
13 49
14 39
15 26
15 31
15 33
15 35
16 19
16 31
16 43
17 19
17 22
17 39
17 49
18 24
18 43
18 47
19 20
19 42
19 47
19 48
20 24
20 26
20 34
20 45
20 49
21 24
21 33
21 43
21 46
22 28
22 30
22 38
22 42
22 43
22 48
23 25
23 33
23 35
23 47
23 49
24 26
24 28
24 30
24 39
24 40
24 49
25 31
25 34
25 40
25 42
25 43
25 44
26 29
26 34
26 36
26 43
27 33
28 29
28 31
29 30
29 38
30 33
30 48
31 32
31 34
31 35
31 38
32 38
32 41
32 44
32 49
33 42
34 48
35 41
36 38
36 40
36 48
37 42
37 43
37 46
38 40
38 43
38 44
38 49
39 40
40 46
41 46
42 45
44 49
45 49
46 48
46 49
